master1=10.0.0.0
master2=10.0.1.0
master3=10.0.121212.122121212
master4=10.0.1231231232.312112
